0.00000 0.31623 0
0.11880 0.38745 0
0.13963 0.39763 0
0.16937 0.41138 0
0.18844 0.41975 0
0.20546 0.42688 0
0.22146 0.43330 0
0.23691 0.43925 0
0.25208 0.44484 0
0.26712 0.45017 0
0.28214 0.45527 0
0.29725 0.46019 0
0.31250 0.46495 0
0.32795 0.46958 0
0.34365 0.47408 0
0.35964 0.47847 0
0.37596 0.48275 0
0.39265 0.48694 0
0.40973 0.49103 0
0.42723 0.49503 0
0.44520 0.49894 0
0.46364 0.50276 0
0.48260 0.50649 0
0.50210 0.51013 0
0.52216 0.51368 0
0.54283 0.51713 0
0.56412 0.52048 0
0.58607 0.52373 0
0.60871 0.52688 0
0.63206 0.52991 0
0.65616 0.53283 0
0.68105 0.53562 0
0.70676 0.53828 0
0.73331 0.54081 0
0.76076 0.54319 0
0.78914 0.54542 0
0.81848 0.54748 0
0.84883 0.54937 0
0.88023 0.55107 0
0.91273 0.55258 0
0.94637 0.55388 0
0.98121 0.55495 0
1.01728 0.55578 0
1.05465 0.55635 0
1.09337 0.55665 0
1.14499 0.55665 0
