0.0 1.0 0
0.8755584646145322 1.3693557599177013 0
1.4709200628849048 1.617102790119965 0
1.744893203136498 1.7279939056038598 0
1.9623851850342569 1.8135692155793708 0
2.157607893160178 1.888195593207376 0
2.342156608818211 1.956689825710885 0
2.521547957201342 2.021289760137748 0
2.6989263601368934 2.083220552516827 0
2.8763111437120616 2.1432224099236024 0
3.055118838368448 2.2017717057694512 0
3.236415224506273 2.2591875800966306 0
3.421049870030453 2.3156886672394643 0
3.6097336453786 2.3714255770005117 0
3.803086177035793 2.426500562664282 0
4.001666390715472 2.480979956849933 0
4.205993033178214 2.5349022999186133 0
4.416558996874148 2.5882837844454336 0
4.633841675308764 2.641121960893753 0
4.858310701350058 2.6933982771001546 0
5.090433918750183 2.7450798103719785 0
5.330682138392491 2.796120423528061 0
5.579533047048058 2.8464614976414446 0
5.837474520175986 2.896032344359111 0
6.105007514885823 2.944750368147925 0
6.3826486691709015 2.992521027082485 0
6.67093269971718 3.0392376259304124 0
6.970414667360949 3.0847809649020563 0
7.281672163079111 3.1290188600066906 0
7.605307455986258 3.171805545528285 0
7.94194963670801 3.2129809650673025 0
8.292256783717539 3.252369954467324 0
8.656918176102673 3.2897813174695 0
9.03665657331879 3.325006792914433 0
9.432230580465994 3.357819910600126 0
9.84443711628737 3.3879747314052544 0
10.274114000262864 3.415204465925293 0
10.72214267476159 3.4392199645896566 0
11.189451078134162 3.45970807098803 0
11.677016684822124 3.4763298288996705 0
12.185869728992834 3.488718532262435 0
12.717096628850516 3.496477606014838 0
13.271843629607623 3.4991783043729816 0
